552514
373002
412467
117289
171400
397255
601762
807083
407587
106378
998936
679089
487886
503453
361124
712291
491944
690127
579800
332824
874718
968584
542955
221384
623088
622878
266480
885299
809954
879263
762788
566050
285163
836253
744370
405090
814691
991580
199430
233372
604576
589236
980751
874332
579927
534131
413931
342838
756541
379452
103317
380322
289337
852010
861296
996382
550765
930300
688484
771558
260870
668888
757507
658069
346930
650170
988197
169246
509706
913274
754402
271987
658208
622432
967607
991650
151781
346322
997629
839120
225686
577994
584700
447761
868816
176289
102739
132389
744810
505397
287998
249182
920189
298346
536359
340268
178021
298317
482617
138011
491210
564791
830369
188420
884807
692285
378838
962335
871284
963885
525506
747593
639615
571941
418100
726792
999636
274896
460644
675808
872475
221333
580836
353197
428758
542251
753426
997501
952442
347989
334468
478952
333776
920418
513724
879116
914476
629886
504905
492765
450487
415271
999681
401367
840887
786421
676933
286172
162252
285171
393220
485937
659775
706851
118285
480131
972202
126808
307449
865921
768995
204169
260602
175412
251009
443829
296150
858832
845354
579272
308358
327083
288794
723394
643809
233186
996446
932355
530948
747218
130458
353412
572815
905221
443901
194942
293671
470120
169930
140965
649630
680641
210230
468258
288792
571445
364008
844464
719469
683012
230402
312955
914539
323071
557538
368931
257628
108756
349834
869694
536190
242309
865070
239436
570563
528187
763433
245508
117906
525551
737828
417744
896541
701321
183905
373331
692471
969974
886124
664299
299476
426279
701201
960708
920057
680406
879770
266322
267521
493637
540230
838321
268796
919538
996187
329192
548788
165767
149606
183163
880486
740417
438699
151969
846855
704673
942828
652859
404529
105668
494357
296033
992481
514795
529714
413727
573016
329802
682834
419040
595679
439727
676630
867801
767511
119969
146918
333026
229439
747988
882111
111692
704235
699598
243398
347954
137477
942609
318829
304247
670011
552764
221506
651101
235317
111149
639690
368525
451413
223859
314976
736760
679496
195874
973754
582313
928916
720317
841237
553278
608372
810035
229559
641248
587031
442301
559350
193189
591671
521927
444660
204930
246827
443485
367205
719753
115516
347819
285284
501700
934348
898642
542873
923298
980420
361157
224571
329825
203855
674781
496766
967245
657995
732529
434874
489178
829299
564578
481606
390872
234457
786781
886915
426419
683090
259524
856981
280110
271188
486490
655514
121852
688378
770016
655729
617268
862855
603691
814030
862933
133585
366616
754946
530300
446067
687655
461112
170375
884053
696928
774273
491944
194473
370194
311715
520214
956965
404228
633755
255929
362632
630139
513603
813487
330224
698715
945878
533245
949404
419031
950437
590566
820580
247588
441688
944571
231386
600722
276755
771006
939914
682611
613006
965512
213816
822166
441788
688673
371676
674641
299112
342414
809469
922065
819330
246946
998143
433446
176998
154555
562182
756699
156753
110363
200940
935172
969651
638696
525959
935031
938111
791846
179500
626434
272479
825330
890267
254448
650611
645559
230724
815096
601930
140240
465618
345042
892566
646459
420608
891154
728890
552486
443775
974890
662153
612779
286864
691140
170634
937397
545139
802311
403854
349551
635696
830180
434040
809629
669741
370225
403912
490684
229157
179622
898448
961890
880929
817724
166036
239571
322649
193551
685443
330559
560621
218042
903698
195299
808641
971307
357525
552038
842536
966514
245584
869273
337610
738222
395092
540396
481974
706486
668519
622757
788670
190271
880358
416911
401590
861241
147576
884392
971391
643831
288306
595603
464165
513589
154250
902512
721853
268254
545520
990897
227961
423580
412876
524105
601052
323512
861705
104403
226926
344100
233028
845474
428595
677276
369060
125035
123036
631317
936811
246821
328052
437272
610881
235050
946615
377657
611463
778139
787936
735645
894794
133811
422379
725728
682314
961726
684788
175999
759464
480246
439205
785520
429232
411992
585466
236576
288750
183232
804982
310897
196346
245141
692418
387697
913198
427378
443245
794090
128716
654289
511886
873229
763798
557742
975100
438986
237090
353384
608508
113200
487870
334625
420925
475455
744649
631953
142393
611421
916859
796969
818695
368886
538495
261402
639644
967564
556157
954665
452567
211974
814441
457287
941392
695365
858886
784596
813433
923670
978421
112077
215370
728328
967177
838547
338531
236363
208265
334360
779085
728850
359551
413117
415162
695380
922565
831263
753747
111726
506114
535235
913069
781725
656171
618068
885118
899959
544834
636647
563184
840169
901572
386734
947791
865465
924539
822037
678132
491807
993922
860479
619857
785326
768970
919464
151137
696696
350063
319054
152900
686828
883812
530986
683423
788100
675046
667100
193229
388611
522936
134059
751336
786971
187765
194948
956562
434906
492148
423686
685303
631290
885231
820176
580297
267518
123822
225032
193265
645631
295055
324671
539140
189100
620676
151791
963070
682250
875976
625751
845737
408267
872682
273806
809504
873075
545502
472389
870955
143210
463041
315978
418282
379510
481430
651624
856839
217150
635301
573661
226209
736714
495987
490867
844962
162986
852216
358964
650170
580026
599076
463870
743192
196121
816709
148929
459872
203781
540827
413321
438586
869833
420970
610541
629404
345450
414327
587707
873586
533623
820830
333147
458165
830141
407352
357556
266837
833903
522759
496227
891733
253115
620692
827663
558788
780211
100792
478983
582778
395877
354404
445024
541026
179092
279737
119264
186813
823117
980368
466130
961598
662913
609818
565316
882864
350663
400064
878831
885538
535642
567985
400312
123508
255039
646902
200763
114791
460577
682184
381574
138979
829768
374347
620860
953744
813076
242868
626270
238312
227280
284474
471351
292360
131465
433444
367623
330901
729294
739288
636124
356108
441275
660017
607020
582300
593054
600591
194898
764053
577796
264291
937929
684512
726307
601007
737005
997401
939972
488401
850327
903961
439327
646017
726783
324023
903229
581010
438352
490600
546141
301232
916362
719333
592138
681839
501469
829150
938900
496081
151465
648939
331612
789571
683709
315800
705815
202011
343959
605180
546204
284002
540243
996636
714630
702830
990343
382787
594888
652342
341290
131317
215778
762227
304080
924384
706179
817035
338919
779714
507808
356102
955787
288685
812301
732316
489687
999112
678262
756594
352792
906764
469876
631301
801944
756255
202113
728170
676254
419384
771446
585057
961361
233606
548240
980936
195260
228122
699020
621800
280310
370018
708436
276768
402832
952634
775240
283049
171985
198070
578250
781271
488144
111758
973887
383327
430120
515705
576541
921325
389990
473957
472443
539280
922178
861777
748172
334635
572573
380989
671966
804355
325714
639119
252342
131312
566193
297964
346315
731547
855600
722777
178261
689791
152783
631509
759969
622378
734077
390850
466419
565566
769373
635643
651289
634877
270759
459319
488270
817639
734320
687870
716064
516187
762340
456127
120185
772308
321125
799122
539563
355904
799751
713840
387918
739522
505156
597245
594987
298903
100785
405744
636302
881437
152560
315975
545308
295993
781270
533285
350243
847562
412447
638163
931512
235039
919767
476701
769777
451273
696940
813092
882950
740550
666082
143418
697497
343316
621660
264096
688341
137295
527125
132585
426440
618208
404875
826804
679463
595434
710655
283831
808555
576592
247159
981844
981742
708498
204489
483421
670374
184603
493811
239939
211535
348293
334098
519042
275879
132688
945967
814946
771528
516396
693212
266789
520004
245686
446298
299658
271659
153065
241802
365949
718258
913364
910665
737814
329017
754217
668822
568456
136657
127921
149670
254146
652119
952576
769770
776195
346562
256898
835067
444049
320263
449650
151394
252379
765351
672768
808011
876776
750759
780936
397425
785091
197771
469460
347415
634069
851709
693159
998075
620251
778407
486606
458319
925317
876151
679306
603129
438030
878157
547174
123456
513068
570534
558322
775652
373492
414789
170215
475186
607320
972168
338337
758469
544115
867517
953839
558494
457172
897582
292589
382771
888902
744047
389297
394026
165955
942562
422189
698846
617353
932905
294951
712877
785250
732418
302420
361982
878960
973401
938291
809416
703327
195293
892537
284235
260792
728671
724274
184658
746613
848178
871072
566079
816638
588703
114815
208102
190564
896531
678392
835062
652948
240168
291058
675673
210755
919784
447999
281377
679904
991281
862234
684131
670933
251793
270530
830770
527389
247240
942805
804100
129630
245901
938331
886719
936973
576812
493525
609323
575251
630883
443632
474482
976707
624147
443607
179556
118374
635947
577342
741247
656499
802243
610584
263647
128956
226050
944760
379755
216335
515257
738014
131574
421201
794433
159636
297786
992036
564573
298723
913625
545807
112354
872386
983656
706307
612629
737345
743284
800410
472769
411606
699316
768155
615062
498038
361702
414629
835771
546024
734923
847029
426760
972820
288911
337723
969616
458347
856991
854742
153591
292976
632552
115662
117810
963445
282122
395747
323621
177712
736765
682029
650751
765444
442776
495558
801144
659753
550090
832739
799329
374531
545927
772573
145253
881946
196603
368586
648691
182175
519520
620299
664235
498613
793721
904623
601946
688317
937239
331441
424136
854486
634872
328704
962269
896302
560560
545317
971569
640320
509476
876911
809928
244095
658985
155785
908329
888739
812147
940886
200661
649129
681528
575612
197989
679828
277488
308340
807579
758216
477429
749352
781861
164693
622611
418510
687901
584835
441434
162609
488545
796624
248301
630756
869084
420794
682774
229235
921485
963970
275145
771387
609363
228232
262131
872930
702690
910882
779560
455147
882172
374204
385453
534046
517345
791718
580929
297725
628927
707102
332997
978356
705699
855707
221542
971173
439884
204676
999735
349772
586980
808389
740277
365489
118027
183690
656937
279087
690805
946848
599642
603110
478586
577176
681784